20
0.004710237848512366
0.0009711738893364227
0.004265874343309055
0.001777209614384049
0.002404112021622712
0.003894785178673958
0.0013004313156505856
0.0006619391597249964
0.0036349238704546536
0.0004078782006878684
0.0006642181090630281
0.00014336809916984768
0.0013199031197376615
0.002664690258390585
0.0003153501018393103
0.003714183959303252
0.003311977167721014
0.0012011218064411908
0.0021960968440346905
0.000887847871249805
0.0011310635744012478
0.0031001287631535423
0.000592723328644666
0.0030919153304566327
0.004679313040175194
0.001513467040634228
0.0002255336415123551
0.000637455234841372
0.0012096613007720458
0.0028279534417325327
0.0040086893840569175
0.0019021952918574188
0.0025026323209509206
0.0038953415658644097
0.0024387931957582207
0.0032006530965098265
0.0008243620991353898
0.0036830201516882795
0.004176651806777405
0.0021805464801614633
0.003907949409212871
0.0015549858724086226
0.00129865377110448
0.0033614789251885688
0.0016816881959501005
0.00027019990252579644
0.003106412204608458
0.0011826799676568735
0.0033005970640516058
0.00478853718229534
0.0018271514582451009
0.0008804892234943207
0.0006990683669436223
0.0013834831723798832
0.0006401857611839345
0.004653494602781597
0.00015871347203210752
0.0038110098102606895
0.003723243274243346
0.003934416942304933
0.0018239414847361045
0.004417537559263614
0.004001145507948537
0.003618993472694173
0.0006099183842019773
0.004584872701368897
0.004088402735105498
0.0005449091602030729
0.004616590745028637
0.002423576907102035
0.0022390944759659312
3.208902459732191e-05
0.0008111399061443079
0.004304563489891024
0.004602330969714092
0.0019318114514799835
0.0019936483037149657
0.0015452075159842022
0.0015247408450842672
0.0010336824584982792
0.002220342171091991
0.004561455187142261
0.00034276652264743324
0.004672811679640632
0.003284279065090001
0.00371686184998178
0.0008881614115961188
0.0011394595919404392
0.0013338225526244906
0.0020243999836620065
0.0006510797734621162
0.0022425164185251637
0.004090391913412768
0.001087171532683998
0.0017276613498520023
0.004555128682480831
0.003668491768074955
0.003086075353367573
0.001079741730780736
0.0018324969752921837
4.047939961007201e-05
0.0017097715802112158
7.274125023850345e-05
0.003325234318070613
0.0019245909959563225
0.0031579855240363615
0.0035084444658626734
0.0008400915805945395
0.0031173080154795647
0.0036476874030375674
0.0023071064989644203
0.00235538108007309
0.003956846398467746
0.0004919875889402824
0.004808221677302935
0.0018553397753828156
0.0010297740778620235
0.004078001065444384
0.004611136488162614
0.004516751760171957
0.00047137033428840163
0.00292262859213018
0.002655846399158756
0.0001336883813996829
0.0012039519334274495
0.0034685492972051984
0.001398199573191756
0.0021708422387101754
0.0009720429447393728
0.0014787588559497284
0.0036862675289343425
0.0038503551703928736
0.003857502670126054
0.00022945066286503626
0.003572194904103026
0.003207576217295254
0.0037217659592155184
0.00015829716391083264
0.002880068219100844
0.003829225919667718
0.002706683498272752
0.0024383383750055153
0.002226064998762258
0.0018565314974997578
0.0010777279306485074
0.002519291249524273
0.0047056251725565565
0.0015653218805368044
0.003138153636044558
0.0037201665924518103
0.001741671537216161
0.0017159274055067685
0.0033339691229137256
0.0032762738639768503
0.0006083719204877375
0.001259016230856527
0.00013098321854450992
0.0017178139998021034
0.00349055783954042
0.003824168412310146
0.0035311660685657846
0.0013624579919237767
0.0012675624387238603
0.0029794521116172073
0.0012374154437780817
0.0011799418480123837
0.003793597620382705
0.0013868262406788875
9.346240318237978e-06
0.0018070769018176135
0.004513658309138045
0.0017561843727426744
0.0035044506361215874
0.0038401621048323063
0.001863873260093501
0.0035178060898069987
0.003562738766603584
0.00197373132238231
0.0024462910511053593
0.0025315910598200948
0.003129696343261458
0.0038892874638140926
0.0013686567614885517
0.001780317182593341
0.003483187491788131
0.0047832767156777995
0.003964719106983398
0.0023984267432878045
0.004049188557505258
0.0047874919120363965
0.0026245127520552374
0.0026841679348530976
0.004646755772974825
0.0013371057699665977
0.0015506448932183568
0.002995177459186649
0.002023799602289021
0.0011298783843783505
0.004493373372670555
0.002014125878684196
0.004156396979797291
0.001628052590763359
0.0035543405123457696
0.002263816812343361
0.0035419508581167485
0.0038891648930784984
0.003786361766098948
0.0005081391918566328
0.0006300195537428738
0.004300290033423551
0.0017905568660313699
4.603234872815291e-05
0.002534460460635457
6.031391675924417e-05
0.003061613072419576
0.0021602599372067366
0.0012181597026938822
0.0017201629847100606
0.0037725231892205596
0.004346691198105882
0.0013964589742603635
0.00427749178897696
0.0005259441684331099
0.002029859103739807
0.001588691175782982
0.003202545802122539
0.0019696895520177685
0.0017261985791240614
0.0006426863248214177
0.0025468267996601457
0.0007495410184896751
0.0031579842201665295
0.0027506388647088624
0.0004803340836171622
0.0035285327299820974
2.0367517485193028e-06
0.003243010338446136
0.004297892969581312
0.0038316042797954396
0.0025852340480038974
0.003102646551290355
0.0035647457140923267
0.0027424258140085443
0.0012410712549747798
0.003273116760227655
0.0011507577870580876
0.0019896939271501083
0.0006528265080877264
3.371222945644306e-05
0.00026823998088098134
0.0041875601225433426
0.0030886487998659155
0.0017956650020031733
0.004539423925245044
0.003929881474986412
0.004502196400998393
0.0037469119082677235
0.0026112646096204187
0.0022210070540189157
0.0018666765224428694
0.0015884511130595633
0.00359771456165841
0.0007522282795317807
0.00047808574562411085
0.004811207554484962
0.0015366422334134407
0.001366906944255839
0.0041927646533288
0.004161245615072963
0.0017110243959698329
0.0014369316852905583
0.004512667586478502
0.0004090708486392764
0.0003504826255415917
0.0038405569008849406
0.0037204944635454104
0.0004637673769575142
0.0043341193569358455
0.0007100301150758601
0.0015915142065286289
0.0026734659290961484
0.004507250591244952
0.0019065767593551117
0.003486121966037911
0.004768239107281134
0.00036051022854194386
0.0024444562992230086
0.0027901750275948272
0.003943799809105802
0.0018562377450264268
0.004463429965354967
0.0014357073894968558
0.0037466319152890818
0.004387176714086763
0.004625075167237182
0.00042014821586231415
0.0037003444895503832
0.0024667530548861914
0.0045816862160167485
0.004126783055153613
0.0007676413803979449
0.004789308150104818
0.0035634520055763826
0.003196780303709102
0.0043423236869674885
0.003762641133508435
0.00010779262182327569
0.0010146036643580005
0.0036581241145570978
0.001188929471896625
0.003512512795727041
0.0035555845806235363
0.0020384244590307085
0.0014944908529805514
0.002034416415584227
0.0036402068128166443
0.004810003787994551
0.0015242009857225646
0.001373116954623004
9.086724070891547e-05
0.004754781329625788
0.0020334347404141616
0.0039336234563313475
0.002811163702250837
0.0040821483434001285
0.0016529233997623872
0.0011888616923168812
0.002971678093939636
0.0005805032783722929
0.0016047374259737345
0.0011765689692262277
0.0011691011273578366
0.0008880304890268897
0.0034889121852788667
0.003539351482938554
0.00011917406358081983
0.002624278207516183
0.0041591740070632795
0.0020412200709385834
0.0047842046252835994
0.004682308359589804
0.0043963263605787265
0.0026842823312839092
0.0032996585433929955
0.0008450109437569711
0.00429771216184576
0.00035234153754752157
0.004441666567732079
0.0003427718986661849
0.0036607546754842384
0.004743959451679269
0.004762261889915619
0.0021203690909682863
0.002013113678173704
0.002583744955620147
0.0033555407763910744
0.003776050560462438
0.0024989316436629617
0.0037967372012498654
0.002900688950556889
0.002150358150982608
0.0040833057400861735
0.004295077700531981
0.00019315110205469425
0.0010141332094541278
0.0015904903422203544
0.0045540235672301655
0.00014726339322586616
0.0026122228326019804
0.004228547284411875
0.004519668164770031
0.0032492840889839715
0.001077034493600395
0.004705163920222385
0.0011929572121167293
0.002094417162942676
0.002755683772971072
0.004475204011110637
0.0016200726817780264
0.004552120842814932
0.004191828280691747
0.004146212959090648
0.0012968492067952637
0.0026429203173469785
0.00023408544215823738
0.0022092134129661246
0.0041470287822615
0.00169562717959809
0.0030839576502119147
0.002972292632961598
0.00018142915454361644
0.0028332383153936453
0.0019570146114028073
0.0030757907192192164
0.0011070090913437398
0.0016046247541970635
0.00012035050735014575
0.0022985401877757042
0.0029570935528225586
0.003381316854739201
